NodeID, Tauxy
1, -1.761804e-02
2, -3.539146e+02
3, 1.761804e-02
4, 3.539146e+02
5, 3.068381e+00
6, 1.561059e+01
7, 9.828714e+01
8, 1.696903e+00
9, 1.347535e+00
10, -2.800239e-01
11, -8.365819e-01
12, -1.037600e+00
13, -9.579285e-01
14, -9.613818e-01
15, -9.397181e-01
16, -9.392178e-01
17, -9.373370e-01
18, -9.378191e-01
19, -9.389802e-01
20, -9.369873e-01
21, -9.415856e-01
22, -8.825954e-01
23, -9.325815e-01
24, -2.104773e-02
25, 4.546630e-01
26, 2.632510e+01
27, 1.620037e-12
28, -2.632510e+01
29, -4.546630e-01
30, 2.104773e-02
31, 9.325815e-01
32, 8.825954e-01
33, 9.415856e-01
34, 9.369873e-01
35, 9.389802e-01
36, 9.378191e-01
37, 9.373370e-01
38, 9.392178e-01
39, 9.397181e-01
40, 9.613818e-01
41, 9.579285e-01
42, 1.037600e+00
43, 8.365819e-01
44, 2.800239e-01
45, -1.347535e+00
46, -1.696903e+00
47, 5.267158e+00
48, -1.849655e+01
49, 1.849885e+00
50, -1.881417e+00
51, -6.426364e-01
52, -9.568852e-01
53, -9.058498e-01
54, -9.366041e-01
55, -9.356381e-01
56, -9.376373e-01
57, -9.372311e-01
58, -9.360054e-01
59, -9.374970e-01
60, -9.373130e-01
61, -9.672114e-01
62, -1.028087e+00
63, -1.074546e+00
64, -1.142933e+00
65, -8.587603e-01
66, -4.736211e-13
67, 8.587603e-01
68, 1.142933e+00
69, 1.074546e+00
70, 1.028087e+00
71, 9.672114e-01
72, 9.373130e-01
73, 9.374970e-01
74, 9.360054e-01
75, 9.372311e-01
76, 9.376373e-01
77, 9.356381e-01
78, 9.366041e-01
79, 9.058498e-01
80, 9.568852e-01
81, 6.426364e-01
82, 1.881417e+00
83, -1.849885e+00
84, 1.849655e+01
85, -5.267158e+00
86, -9.828714e+01
87, -1.561059e+01
88, -3.068381e+00
89, 6.795453e-12
90, -2.150958e+01
91, 2.150958e+01
92, -2.292993e+01
93, 2.292993e+01
94, -2.375415e+01
95, 2.375415e+01
96, -2.341303e+01
97, 2.341303e+01
98, -2.344186e+01
99, 2.344186e+01
100, -2.343582e+01
101, 2.343582e+01
102, -2.343741e+01
103, 2.343741e+01
104, -2.343749e+01
105, 2.343749e+01
106, -2.343748e+01
107, 2.343748e+01
108, -2.343752e+01
109, 2.343752e+01
110, -2.343745e+01
111, 2.343745e+01
112, -2.343756e+01
113, 2.343756e+01
114, -2.343842e+01
115, 2.343842e+01
116, -2.343824e+01
117, 2.343824e+01
118, -2.348782e+01
119, 2.348782e+01
120, -2.335807e+01
121, 2.335807e+01
122, -2.390138e+01
123, 2.390138e+01
124, -1.427255e+01
125, 1.427255e+01
126, 2.220013e+00
127, 1.305509e+01
128, 1.907428e-01
129, -1.220328e+01
130, -1.646013e+01
131, -1.789313e+01
132, -1.797395e+01
133, -1.790924e+01
134, -1.784736e+01
135, -1.782194e+01
136, -1.781474e+01
137, -1.781481e+01
138, -1.781651e+01
139, -1.781029e+01
140, -1.776893e+01
141, -1.760701e+01
142, -1.721698e+01
143, -1.651131e+01
144, -1.790345e+01
145, -3.842371e+01
146, -2.096101e-13
147, 3.842371e+01
148, 1.790345e+01
149, 1.651131e+01
150, 1.721698e+01
151, 1.760701e+01
152, 1.776893e+01
153, 1.781029e+01
154, 1.781651e+01
155, 1.781481e+01
156, 1.781474e+01
157, 1.782194e+01
158, 1.784736e+01
159, 1.790924e+01
160, 1.797395e+01
161, 1.789313e+01
162, 1.646013e+01
163, 1.220328e+01
164, -1.907428e-01
165, -1.305509e+01
166, -2.220013e+00
167, 7.875713e+01
168, 3.734369e+01
169, 2.468026e+01
170, 1.882279e+01
171, 1.777894e+01
172, 1.763040e+01
173, 1.771873e+01
174, 1.777691e+01
175, 1.780318e+01
176, 1.781026e+01
177, 1.781018e+01
178, 1.780851e+01
179, 1.781505e+01
180, 1.785579e+01
181, 1.802623e+01
182, 1.838965e+01
183, 1.918675e+01
184, 1.882249e+01
185, 1.279988e+01
186, -3.043121e-12
187, -1.279988e+01
188, -1.882249e+01
189, -1.918675e+01
190, -1.838965e+01
191, -1.802623e+01
192, -1.785579e+01
193, -1.781505e+01
194, -1.780851e+01
195, -1.781018e+01
196, -1.781026e+01
197, -1.780318e+01
198, -1.777691e+01
199, -1.771873e+01
200, -1.763040e+01
201, -1.777894e+01
202, -1.882279e+01
203, -2.468026e+01
204, -3.734369e+01
205, -7.875713e+01
206, 8.994191e-01
207, 5.527225e-01
208, -6.341140e+01
209, -1.989658e+02
210, -5.527225e-01
211, -8.994191e-01
212, 1.989658e+02
213, 6.341140e+01
214, 5.587173e+00
215, 8.844413e+00
216, -3.075191e+00
217, 9.531989e+00
218, 2.083016e+01
219, 1.958215e+00
220, 7.847278e+00
221, 3.877418e-01
222, 5.909929e-01
223, -5.914059e-01
224, -6.096999e+00
225, -9.139590e-01
226, -8.775077e+00
227, -9.912211e-01
228, -9.441974e+00
229, -9.591372e-01
230, -9.489390e+00
231, -9.505177e-01
232, -9.431843e+00
233, -9.395417e-01
234, -9.395681e+00
235, -9.383842e-01
236, -9.379930e+00
237, -9.375670e-01
238, -9.376122e+00
239, -9.384517e-01
240, -9.376406e+00
241, -9.376663e-01
242, -9.377559e+00
243, -9.397818e-01
244, -9.375906e+00
245, -9.087917e-01
246, -9.349563e+00
247, -9.258950e-01
248, -9.269038e+00
249, -5.107803e-01
250, -8.966908e+00
251, -1.463778e+00
252, -8.553483e+00
253, 2.528236e+00
254, -7.204902e+00
255, -4.940961e+01
256, -9.023737e+00
257, 4.940961e+01
258, 1.389111e-12
259, -2.528236e+00
260, 9.023737e+00
261, 1.463778e+00
262, 7.204902e+00
263, 5.107803e-01
264, 8.553483e+00
265, 9.258950e-01
266, 8.966908e+00
267, 9.087917e-01
268, 9.269038e+00
269, 9.397818e-01
270, 9.349563e+00
271, 9.376663e-01
272, 9.375906e+00
273, 9.384517e-01
274, 9.377559e+00
275, 9.375670e-01
276, 9.376406e+00
277, 9.383842e-01
278, 9.376122e+00
279, 9.395417e-01
280, 9.379930e+00
281, 9.505177e-01
282, 9.395681e+00
283, 9.591372e-01
284, 9.431843e+00
285, 9.912211e-01
286, 9.489390e+00
287, 9.139590e-01
288, 9.441974e+00
289, 5.914059e-01
290, 8.775077e+00
291, -3.877418e-01
292, 6.096999e+00
293, -1.958215e+00
294, -5.909929e-01
295, -7.847278e+00
296, 2.150998e+01
297, -7.581144e+01
298, -1.235532e+01
299, -1.900929e+01
300, 7.155728e-01
301, -1.408836e+01
302, -1.482854e+00
303, -9.608027e+00
304, -7.504951e-01
305, -9.376424e+00
306, -9.448825e-01
307, -9.236557e+00
308, -9.175675e-01
309, -9.322947e+00
310, -9.368859e-01
311, -9.353113e+00
312, -9.363333e-01
313, -9.370341e+00
314, -9.374775e-01
315, -9.373821e+00
316, -9.366262e-01
317, -9.373627e+00
318, -9.368504e-01
319, -9.372342e+00
320, -9.381010e-01
321, -9.374725e+00
322, -9.533984e-01
323, -9.398586e+00
324, -9.993820e-01
325, -9.490485e+00
326, -1.091456e+00
327, -9.732997e+00
328, -1.217221e+00
329, -1.014891e+01
330, -1.073358e+00
331, -1.003677e+01
332, -4.209359e-01
333, -7.069226e+00
334, 4.209359e-01
335, -2.905509e-12
336, 1.073358e+00
337, 7.069226e+00
338, 1.217221e+00
339, 1.003677e+01
340, 1.091456e+00
341, 1.014891e+01
342, 9.993820e-01
343, 9.732997e+00
344, 9.533984e-01
345, 9.490485e+00
346, 9.381010e-01
347, 9.398586e+00
348, 9.368504e-01
349, 9.374725e+00
350, 9.366262e-01
351, 9.372342e+00
352, 9.374775e-01
353, 9.373627e+00
354, 9.363333e-01
355, 9.373821e+00
356, 9.368859e-01
357, 9.370341e+00
358, 9.175675e-01
359, 9.353113e+00
360, 9.448825e-01
361, 9.322947e+00
362, 7.504951e-01
363, 9.236557e+00
364, 1.482854e+00
365, 9.376424e+00
366, -7.155728e-01
367, 9.608027e+00
368, 1.235532e+01
369, 1.408836e+01
370, -2.150998e+01
371, 1.900929e+01
372, 7.581144e+01
373, 3.075191e+00
374, -2.083016e+01
375, -5.587173e+00
376, -9.531989e+00
377, -8.844413e+00
378, -1.167363e+01
379, 1.167363e+01
380, 1.360245e-12
381, 4.270806e-12
382, -2.372398e+01
383, -2.746204e+01
384, -1.644499e+01
385, 2.372398e+01
386, 2.746204e+01
387, 1.644499e+01
388, -2.371452e+01
389, -2.167577e+01
390, -2.108256e+01
391, 2.371452e+01
392, 2.167577e+01
393, 2.108256e+01
394, -2.359665e+01
395, -1.997577e+01
396, -2.132183e+01
397, 2.359665e+01
398, 1.997577e+01
399, 2.132183e+01
400, -2.343726e+01
401, -2.033778e+01
402, -2.096232e+01
403, 2.343726e+01
404, 2.033778e+01
405, 2.096232e+01
406, -2.344084e+01
407, -2.050890e+01
408, -2.073158e+01
409, 2.344084e+01
410, 2.050890e+01
411, 2.073158e+01
412, -2.343687e+01
413, -2.059970e+01
414, -2.065215e+01
415, 2.343687e+01
416, 2.059970e+01
417, 2.065215e+01
418, -2.343752e+01
419, -2.062263e+01
420, -2.062674e+01
421, 2.343752e+01
422, 2.062263e+01
423, 2.062674e+01
424, -2.343748e+01
425, -2.062684e+01
426, -2.062325e+01
427, 2.343748e+01
428, 2.062684e+01
429, 2.062325e+01
430, -2.343750e+01
431, -2.062622e+01
432, -2.062375e+01
433, 2.343750e+01
434, 2.062622e+01
435, 2.062375e+01
436, -2.343750e+01
437, -2.062635e+01
438, -2.062371e+01
439, 2.343750e+01
440, 2.062635e+01
441, 2.062371e+01
442, -2.343746e+01
443, -2.063026e+01
444, -2.061947e+01
445, 2.343746e+01
446, 2.063026e+01
447, 2.061947e+01
448, -2.343818e+01
449, -2.064430e+01
450, -2.060691e+01
451, 2.343818e+01
452, 2.064430e+01
453, 2.060691e+01
454, -2.343676e+01
455, -2.067260e+01
456, -2.057261e+01
457, 2.343676e+01
458, 2.067260e+01
459, 2.057261e+01
460, -2.345737e+01
461, -2.071615e+01
462, -2.055790e+01
463, 2.345737e+01
464, 2.071615e+01
465, 2.055790e+01
466, -2.337562e+01
467, -2.060436e+01
468, -2.057724e+01
469, 2.337562e+01
470, 2.060436e+01
471, 2.057724e+01
472, -2.341349e+01
473, -2.001675e+01
474, -2.160015e+01
475, 2.341349e+01
476, 2.001675e+01
477, 2.160015e+01
478, -1.960046e+01
479, -1.696239e+01
480, -2.285225e+01
481, 1.960046e+01
482, 1.696239e+01
483, 2.285225e+01
484, -6.400079e+00
485, -8.222541e+00
486, -3.335916e+01
487, 8.222541e+00
488, 6.400079e+00
489, 3.335916e+01
490, 9.638355e+00
491, -1.674196e+00
492, 6.014801e+00
493, -6.174363e+00
494, -1.437168e+01
495, -1.717529e+01
496, -1.791185e+01
497, -1.793373e+01
498, -1.787574e+01
499, -1.783438e+01
500, -1.781839e+01
501, -1.781481e+01
502, -1.781539e+01
503, -1.781281e+01
504, -1.778793e+01
505, -1.768955e+01
506, -1.740669e+01
507, -1.690077e+01
508, -1.620183e+01
509, -2.128097e+01
510, -1.684240e+01
511, 1.684240e+01
512, 2.128097e+01
513, 1.620183e+01
514, 1.690077e+01
515, 1.740669e+01
516, 1.768955e+01
517, 1.778793e+01
518, 1.781281e+01
519, 1.781539e+01
520, 1.781481e+01
521, 1.781839e+01
522, 1.783438e+01
523, 1.787574e+01
524, 1.793373e+01
525, 1.791185e+01
526, 1.717529e+01
527, 1.437168e+01
528, 6.174363e+00
529, -6.014801e+00
530, -9.638355e+00
531, 1.674196e+00
532, 7.134882e+01
533, 2.824138e+01
534, 2.227692e+01
535, 1.825068e+01
536, 1.775992e+01
537, 1.767749e+01
538, 1.775203e+01
539, 1.778995e+01
540, 1.780675e+01
541, 1.781017e+01
542, 1.780959e+01
543, 1.781242e+01
544, 1.783625e+01
545, 1.793851e+01
546, 1.819341e+01
547, 1.870146e+01
548, 1.874315e+01
549, 1.572248e+01
550, 6.568696e+00
551, -6.568696e+00
552, -1.572248e+01
553, -1.874315e+01
554, -1.870146e+01
555, -1.819341e+01
556, -1.793851e+01
557, -1.783625e+01
558, -1.781242e+01
559, -1.780959e+01
560, -1.781017e+01
561, -1.780675e+01
562, -1.778995e+01
563, -1.775203e+01
564, -1.767749e+01
565, -1.775992e+01
566, -1.825068e+01
567, -2.227692e+01
568, -2.824138e+01
569, -7.134882e+01
