NodeID, Sx
1, -4.257734e+00
2, -7.513880e+02
3, -4.257734e+00
4, -7.513880e+02
5, 6.433911e+00
6, -1.380722e+01
7, 1.935160e+02
8, 1.283028e+01
9, 2.858796e+01
10, 2.434673e+01
11, 6.476177e+00
12, -1.578096e+01
13, -3.871612e+01
14, -6.151313e+01
15, -8.412410e+01
16, -1.066582e+02
17, -1.291639e+02
18, -1.516668e+02
19, -1.741738e+02
20, -1.966846e+02
21, -2.191683e+02
22, -2.415095e+02
23, -2.632918e+02
24, -2.838764e+02
25, -2.995564e+02
26, -3.142211e+02
27, -4.340261e+02
28, -3.142211e+02
29, -2.995564e+02
30, -2.838764e+02
31, -2.632918e+02
32, -2.415095e+02
33, -2.191683e+02
34, -1.966846e+02
35, -1.741738e+02
36, -1.516668e+02
37, -1.291639e+02
38, -1.066582e+02
39, -8.412410e+01
40, -6.151313e+01
41, -3.871612e+01
42, -1.578096e+01
43, 6.476177e+00
44, 2.434673e+01
45, 2.858796e+01
46, 1.283028e+01
47, -3.494788e+02
48, -1.635427e+02
49, -1.297670e+02
50, -1.003113e+02
51, -7.835630e+01
52, -5.620983e+01
53, -3.403684e+01
54, -1.164392e+01
55, 1.082148e+01
56, 3.331585e+01
57, 5.581295e+01
58, 7.830608e+01
59, 1.007952e+02
60, 1.233127e+02
61, 1.459826e+02
62, 1.691490e+02
63, 1.935182e+02
64, 2.187053e+02
65, 2.405488e+02
66, 2.490928e+02
67, 2.405488e+02
68, 2.187053e+02
69, 1.935182e+02
70, 1.691490e+02
71, 1.459826e+02
72, 1.233127e+02
73, 1.007952e+02
74, 7.830608e+01
75, 5.581295e+01
76, 3.331585e+01
77, 1.082148e+01
78, -1.164392e+01
79, -3.403684e+01
80, -5.620983e+01
81, -7.835630e+01
82, -1.003113e+02
83, -1.297670e+02
84, -1.635427e+02
85, -3.494788e+02
86, 1.935160e+02
87, -1.380722e+01
88, 6.433911e+00
89, -4.522906e+01
90, -4.384255e+01
91, -4.384255e+01
92, -5.027380e+01
93, -5.027380e+01
94, -5.007430e+01
95, -5.007430e+01
96, -4.863249e+01
97, -4.863249e+01
98, -4.812396e+01
99, -4.812396e+01
100, -4.794165e+01
101, -4.794165e+01
102, -4.791070e+01
103, -4.791070e+01
104, -4.791078e+01
105, -4.791078e+01
106, -4.791506e+01
107, -4.791506e+01
108, -4.791819e+01
109, -4.791819e+01
110, -4.792641e+01
111, -4.792641e+01
112, -4.795675e+01
113, -4.795675e+01
114, -4.804634e+01
115, -4.804634e+01
116, -4.821836e+01
117, -4.821836e+01
118, -4.837808e+01
119, -4.837808e+01
120, -4.744991e+01
121, -4.744991e+01
122, -4.283745e+01
123, -4.283745e+01
124, -2.248956e+01
125, -2.248956e+01
126, 5.627471e+00
127, 2.868504e+00
128, -6.543344e-01
129, -1.045671e+01
130, -2.149485e+01
131, -3.251400e+01
132, -4.360504e+01
133, -5.480218e+01
134, -6.603894e+01
135, -7.728780e+01
136, -8.853888e+01
137, -9.978902e+01
138, -1.110378e+02
139, -1.222818e+02
140, -1.335264e+02
141, -1.447569e+02
142, -1.561377e+02
143, -1.675974e+02
144, -1.828498e+02
145, -2.025817e+02
146, -1.518446e+02
147, -2.025817e+02
148, -1.828498e+02
149, -1.675974e+02
150, -1.561377e+02
151, -1.447569e+02
152, -1.335264e+02
153, -1.222818e+02
154, -1.110378e+02
155, -9.978902e+01
156, -8.853888e+01
157, -7.728780e+01
158, -6.603894e+01
159, -5.480218e+01
160, -4.360504e+01
161, -3.251400e+01
162, -2.149485e+01
163, -1.045671e+01
164, -6.543344e-01
165, 2.868504e+00
166, 5.627471e+00
167, -3.185190e+01
168, -1.010589e+02
169, -8.567587e+01
170, -7.581787e+01
171, -6.371946e+01
172, -5.239379e+01
173, -4.105665e+01
174, -2.980046e+01
175, -1.854756e+01
176, -7.299074e+00
177, 3.950830e+00
178, 1.520226e+01
179, 2.645707e+01
180, 3.771561e+01
181, 4.896416e+01
182, 6.016145e+01
183, 7.117069e+01
184, 8.186894e+01
185, 9.158017e+01
186, 9.786006e+01
187, 9.158017e+01
188, 8.186894e+01
189, 7.117069e+01
190, 6.016145e+01
191, 4.896416e+01
192, 3.771561e+01
193, 2.645707e+01
194, 1.520226e+01
195, 3.950830e+00
196, -7.299074e+00
197, -1.854756e+01
198, -2.980046e+01
199, -4.105665e+01
200, -5.239379e+01
201, -6.371946e+01
202, -7.581787e+01
203, -8.567587e+01
204, -1.010589e+02
205, -3.185190e+01
206, 2.691178e-01
207, 4.104302e+00
208, -2.050331e+02
209, -5.778566e+02
210, 4.104302e+00
211, 2.691178e-01
212, -5.778566e+02
213, -2.050331e+02
214, -6.395008e+00
215, 3.185549e+00
216, 1.947882e+01
217, 3.528047e+00
218, 8.848238e+01
219, 2.075039e+01
220, 7.328961e+00
221, 2.688221e+01
222, 1.344952e+01
223, 1.528835e+01
224, 6.491319e+00
225, -4.727909e+00
226, -7.663221e+00
227, -2.731588e+01
228, -2.418276e+01
229, -5.012378e+01
230, -4.115949e+01
231, -7.281991e+01
232, -5.815152e+01
233, -9.539016e+01
234, -7.507906e+01
235, -1.179103e+02
236, -9.197183e+01
237, -1.404150e+02
238, -1.088513e+02
239, -1.629198e+02
240, -1.257280e+02
241, -1.854271e+02
242, -1.426056e+02
243, -2.079225e+02
244, -1.594829e+02
245, -2.303228e+02
246, -1.763375e+02
247, -2.524102e+02
248, -1.931276e+02
249, -2.735011e+02
250, -2.096212e+02
251, -2.931445e+02
252, -2.258129e+02
253, -3.085815e+02
254, -2.411992e+02
255, -3.710987e+02
256, -2.589665e+02
257, -3.710987e+02
258, -2.909419e+02
259, -3.085815e+02
260, -2.589665e+02
261, -2.931445e+02
262, -2.411992e+02
263, -2.735011e+02
264, -2.258129e+02
265, -2.524102e+02
266, -2.096212e+02
267, -2.303228e+02
268, -1.931276e+02
269, -2.079225e+02
270, -1.763375e+02
271, -1.854271e+02
272, -1.594829e+02
273, -1.629198e+02
274, -1.426056e+02
275, -1.404150e+02
276, -1.257280e+02
277, -1.179103e+02
278, -1.088513e+02
279, -9.539016e+01
280, -9.197183e+01
281, -7.281991e+01
282, -7.507906e+01
283, -5.012378e+01
284, -5.815152e+01
285, -2.731588e+01
286, -4.115949e+01
287, -4.727909e+00
288, -2.418276e+01
289, 1.528835e+01
290, -7.663221e+00
291, 2.688221e+01
292, 6.491319e+00
293, 2.075039e+01
294, 1.344952e+01
295, 7.328961e+00
296, -2.201849e+02
297, -1.728078e+02
298, -1.558904e+02
299, -1.375300e+02
300, -1.141134e+02
301, -1.081621e+02
302, -8.993056e+01
303, -8.828449e+01
304, -6.724989e+01
305, -7.107730e+01
306, -4.515898e+01
307, -5.429600e+01
308, -2.283501e+01
309, -3.754234e+01
310, -4.115948e-01
311, -2.071894e+01
312, 2.206977e+01
313, -3.862108e+00
314, 4.456466e+01
315, 1.300859e+01
316, 6.706009e+01
317, 2.988180e+01
318, 8.955226e+01
319, 4.675414e+01
320, 1.120597e+02
321, 6.362749e+01
322, 1.346512e+02
323, 8.052040e+01
324, 1.575723e+02
325, 9.748951e+01
326, 1.812363e+02
327, 1.146973e+02
328, 2.057828e+02
329, 1.323484e+02
330, 2.294152e+02
331, 1.501965e+02
332, 2.454409e+02
333, 1.657989e+02
334, 2.454409e+02
335, 1.731123e+02
336, 2.294152e+02
337, 1.657989e+02
338, 2.057828e+02
339, 1.501965e+02
340, 1.812363e+02
341, 1.323484e+02
342, 1.575723e+02
343, 1.146973e+02
344, 1.346512e+02
345, 9.748951e+01
346, 1.120597e+02
347, 8.052040e+01
348, 8.955226e+01
349, 6.362749e+01
350, 6.706009e+01
351, 4.675414e+01
352, 4.456466e+01
353, 2.988180e+01
354, 2.206977e+01
355, 1.300859e+01
356, -4.115948e-01
357, -3.862108e+00
358, -2.283501e+01
359, -2.071894e+01
360, -4.515898e+01
361, -3.754234e+01
362, -6.724989e+01
363, -5.429600e+01
364, -8.993056e+01
365, -7.107730e+01
366, -1.141134e+02
367, -8.828449e+01
368, -1.558904e+02
369, -1.081621e+02
370, -2.201849e+02
371, -1.375300e+02
372, -1.728078e+02
373, 1.947882e+01
374, 8.848238e+01
375, -6.395008e+00
376, 3.528047e+00
377, 3.185549e+00
378, -4.120928e+01
379, -4.120928e+01
380, -9.939171e+01
381, 2.554120e+01
382, -5.045062e+01
383, -1.226018e+02
384, 2.408925e+01
385, -5.045062e+01
386, -1.226018e+02
387, 2.408925e+01
388, -5.019469e+01
389, -1.167146e+02
390, 1.603712e+01
391, -5.019469e+01
392, -1.167146e+02
393, 1.603712e+01
394, -4.925090e+01
395, -1.087439e+02
396, 1.052826e+01
397, -4.925090e+01
398, -1.087439e+02
399, 1.052826e+01
400, -4.838579e+01
401, -1.024899e+02
402, 5.733583e+00
403, -4.838579e+01
404, -1.024899e+02
405, 5.733583e+00
406, -4.803433e+01
407, -9.644835e+01
408, 4.062645e-01
409, -4.803433e+01
410, -9.644835e+01
411, 4.062645e-01
412, -4.793109e+01
413, -9.074266e+01
414, -5.120382e+00
415, -4.793109e+01
416, -9.074266e+01
417, -5.120382e+00
418, -4.791211e+01
419, -8.509705e+01
420, -1.072774e+01
421, -4.791211e+01
422, -8.509705e+01
423, -1.072774e+01
424, -4.791355e+01
425, -7.947437e+01
426, -1.635438e+01
427, -4.791355e+01
428, -7.947437e+01
429, -1.635438e+01
430, -4.791696e+01
431, -7.385192e+01
432, -2.198200e+01
433, -4.791696e+01
434, -7.385192e+01
435, -2.198200e+01
436, -4.792281e+01
437, -6.822873e+01
438, -2.760877e+01
439, -4.792281e+01
440, -6.822873e+01
441, -2.760877e+01
442, -4.794221e+01
443, -6.260806e+01
444, -3.323817e+01
445, -4.794221e+01
446, -6.260806e+01
447, -3.323817e+01
448, -4.799898e+01
449, -5.700108e+01
450, -3.888108e+01
451, -4.799898e+01
452, -5.700108e+01
453, -3.888108e+01
454, -4.812038e+01
455, -5.142799e+01
456, -4.455832e+01
457, -4.812038e+01
458, -5.142799e+01
459, -4.455832e+01
460, -4.824058e+01
461, -4.591783e+01
462, -5.030684e+01
463, -4.824058e+01
464, -4.591783e+01
465, -5.030684e+01
466, -4.779984e+01
467, -4.040178e+01
468, -5.601833e+01
469, -4.779984e+01
470, -4.040178e+01
471, -5.601833e+01
472, -4.496212e+01
473, -3.431287e+01
474, -6.141958e+01
475, -4.496212e+01
476, -3.431287e+01
477, -6.141958e+01
478, -3.300919e+01
479, -2.661077e+01
480, -6.339862e+01
481, -3.300919e+01
482, -2.661077e+01
483, -6.339862e+01
484, -1.606963e+01
485, -1.149619e+01
486, -5.610353e+01
487, -1.149619e+01
488, -1.606963e+01
489, -5.610353e+01
490, 3.219970e+00
491, -2.942130e+01
492, 2.471269e+00
493, -5.121058e+00
494, -1.632271e+01
495, -2.698189e+01
496, -3.806804e+01
497, -4.920229e+01
498, -6.042170e+01
499, -7.166346e+01
500, -8.291350e+01
501, -9.416395e+01
502, -1.054133e+02
503, -1.166601e+02
504, -1.279040e+02
505, -1.391477e+02
506, -1.504494e+02
507, -1.619313e+02
508, -1.745561e+02
509, -1.889105e+02
510, -1.816138e+02
511, -1.816138e+02
512, -1.889105e+02
513, -1.745561e+02
514, -1.619313e+02
515, -1.504494e+02
516, -1.391477e+02
517, -1.279040e+02
518, -1.166601e+02
519, -1.054133e+02
520, -9.416395e+01
521, -8.291350e+01
522, -7.166346e+01
523, -6.042170e+01
524, -4.920229e+01
525, -3.806804e+01
526, -2.698189e+01
527, -1.632271e+01
528, -5.121058e+00
529, 2.471269e+00
530, 3.219970e+00
531, -2.942130e+01
532, -7.836457e+01
533, -8.904580e+01
534, -8.098279e+01
535, -6.956919e+01
536, -5.808867e+01
537, -4.671611e+01
538, -3.543203e+01
539, -2.417362e+01
540, -1.292360e+01
541, -1.674086e+00
542, 9.576577e+00
543, 2.082948e+01
544, 3.208628e+01
545, 4.333765e+01
546, 5.457391e+01
547, 6.563446e+01
548, 7.675142e+01
549, 8.726415e+01
550, 9.397185e+01
551, 9.397185e+01
552, 8.726415e+01
553, 7.675142e+01
554, 6.563446e+01
555, 5.457391e+01
556, 4.333765e+01
557, 3.208628e+01
558, 2.082948e+01
559, 9.576577e+00
560, -1.674086e+00
561, -1.292360e+01
562, -2.417362e+01
563, -3.543203e+01
564, -4.671611e+01
565, -5.808867e+01
566, -6.956919e+01
567, -8.098279e+01
568, -8.904580e+01
569, -7.836457e+01
