NodeID, Uy
1, 4.692119e-03
2, 0.000000e+00
3, 4.692119e-03
4, 0.000000e+00
5, 4.666746e-03
6, 4.192162e-03
7, 3.389644e-03
8, -6.910361e-03
9, -1.866240e-02
10, -3.092760e-02
11, -4.372744e-02
12, -5.691498e-02
13, -7.032091e-02
14, -8.378859e-02
15, -9.717155e-02
16, -1.103280e-01
17, -1.231170e-01
18, -1.353982e-01
19, -1.470309e-01
20, -1.578744e-01
21, -1.677876e-01
22, -1.766287e-01
23, -1.842580e-01
24, -1.905369e-01
25, -1.953828e-01
26, -1.988541e-01
27, -2.023537e-01
28, -1.988541e-01
29, -1.953828e-01
30, -1.905369e-01
31, -1.842580e-01
32, -1.766287e-01
33, -1.677876e-01
34, -1.578744e-01
35, -1.470309e-01
36, -1.353982e-01
37, -1.231170e-01
38, -1.103280e-01
39, -9.717155e-02
40, -8.378859e-02
41, -7.032091e-02
42, -5.691498e-02
43, -4.372744e-02
44, -3.092760e-02
45, -1.866240e-02
46, -6.910361e-03
47, -6.588827e-03
48, -1.883865e-02
49, -3.138244e-02
50, -4.437202e-02
51, -5.761838e-02
52, -7.104060e-02
53, -8.450948e-02
54, -9.789156e-02
55, -1.110472e-01
56, -1.238359e-01
57, -1.361170e-01
58, -1.477498e-01
59, -1.585938e-01
60, -1.685089e-01
61, -1.773554e-01
62, -1.849925e-01
63, -1.912737e-01
64, -1.960287e-01
65, -1.990408e-01
66, -2.000791e-01
67, -1.990408e-01
68, -1.960287e-01
69, -1.912737e-01
70, -1.849925e-01
71, -1.773554e-01
72, -1.685089e-01
73, -1.585938e-01
74, -1.477498e-01
75, -1.361170e-01
76, -1.238359e-01
77, -1.110472e-01
78, -9.789156e-02
79, -8.450948e-02
80, -7.104060e-02
81, -5.761838e-02
82, -4.437202e-02
83, -3.138244e-02
84, -1.883865e-02
85, -6.588827e-03
86, 3.389644e-03
87, 4.192162e-03
88, 4.666746e-03
89, -2.010870e-01
90, -1.999167e-01
91, -1.999167e-01
92, -1.966850e-01
93, -1.966850e-01
94, -1.918031e-01
95, -1.918031e-01
96, -1.854368e-01
97, -1.854368e-01
98, -1.777186e-01
99, -1.777186e-01
100, -1.687904e-01
101, -1.687904e-01
102, -1.587919e-01
103, -1.587919e-01
104, -1.478638e-01
105, -1.478638e-01
106, -1.361466e-01
107, -1.361466e-01
108, -1.237811e-01
109, -1.237811e-01
110, -1.109078e-01
111, -1.109078e-01
112, -9.766744e-02
113, -9.766744e-02
114, -8.420061e-02
115, -8.420061e-02
116, -7.064761e-02
117, -7.064761e-02
118, -5.715035e-02
119, -5.715035e-02
120, -4.384611e-02
121, -4.384611e-02
122, -3.089388e-02
123, -3.089388e-02
124, -1.844142e-02
125, -1.844142e-02
126, -6.773338e-03
127, -6.870597e-03
128, -1.858088e-02
129, -3.088442e-02
130, -4.374994e-02
131, -5.700499e-02
132, -7.047543e-02
133, -8.400690e-02
134, -9.745320e-02
135, -1.106729e-01
136, -1.235252e-01
137, -1.358697e-01
138, -1.475657e-01
139, -1.584725e-01
140, -1.684491e-01
141, -1.773536e-01
142, -1.850459e-01
143, -1.913857e-01
144, -1.962735e-01
145, -1.995793e-01
146, -2.010989e-01
147, -1.995793e-01
148, -1.962735e-01
149, -1.913857e-01
150, -1.850459e-01
151, -1.773536e-01
152, -1.684491e-01
153, -1.584725e-01
154, -1.475657e-01
155, -1.358697e-01
156, -1.235252e-01
157, -1.106729e-01
158, -9.745320e-02
159, -8.400690e-02
160, -7.047543e-02
161, -5.700499e-02
162, -4.374994e-02
163, -3.088442e-02
164, -1.858088e-02
165, -6.870597e-03
166, -6.773338e-03
167, -6.408203e-03
168, -1.836568e-02
169, -3.101611e-02
170, -4.404303e-02
171, -5.735355e-02
172, -7.083645e-02
173, -8.436853e-02
174, -9.781374e-02
175, -1.110327e-01
176, -1.238847e-01
177, -1.362290e-01
178, -1.479251e-01
179, -1.588324e-01
180, -1.688107e-01
181, -1.777203e-01
182, -1.854211e-01
183, -1.917679e-01
184, -1.965904e-01
185, -1.996736e-01
186, -2.007550e-01
187, -1.996736e-01
188, -1.965904e-01
189, -1.917679e-01
190, -1.854211e-01
191, -1.777203e-01
192, -1.688107e-01
193, -1.588324e-01
194, -1.479251e-01
195, -1.362290e-01
196, -1.238847e-01
197, -1.110327e-01
198, -9.781374e-02
199, -8.436853e-02
200, -7.083645e-02
201, -5.735355e-02
202, -4.404303e-02
203, -3.101611e-02
204, -1.836568e-02
205, -6.408203e-03
206, 4.699365e-03
207, -1.111132e-03
208, 1.802818e-03
209, -7.552607e-04
210, -1.111132e-03
211, 4.699365e-03
212, -7.552607e-04
213, 1.802818e-03
214, 4.494953e-03
215, -1.147820e-03
216, 3.828441e-03
217, -1.259833e-03
218, -1.463719e-03
219, -1.274012e-02
220, -6.889246e-03
221, -2.472275e-02
222, -1.862132e-02
223, -3.726792e-02
224, -3.089587e-02
225, -5.028345e-02
226, -4.372762e-02
227, -6.360086e-02
228, -5.695240e-02
229, -7.705637e-02
230, -7.039589e-02
231, -9.049957e-02
232, -8.390079e-02
233, -1.037869e-01
234, -9.732083e-02
235, -1.167772e-01
236, -1.105142e-01
237, -1.293299e-01
238, -1.233402e-01
239, -1.413044e-01
240, -1.356583e-01
241, -1.525601e-01
242, -1.473279e-01
243, -1.629562e-01
244, -1.582084e-01
245, -1.723510e-01
246, -1.681583e-01
247, -1.806038e-01
248, -1.770366e-01
249, -1.875726e-01
250, -1.847002e-01
251, -1.931451e-01
252, -1.910205e-01
253, -1.972028e-01
254, -1.958619e-01
255, -2.001872e-01
256, -1.993766e-01
257, -2.001872e-01
258, -2.016516e-01
259, -1.972028e-01
260, -1.993766e-01
261, -1.931451e-01
262, -1.958619e-01
263, -1.875726e-01
264, -1.910205e-01
265, -1.806038e-01
266, -1.847002e-01
267, -1.723510e-01
268, -1.770366e-01
269, -1.629562e-01
270, -1.681583e-01
271, -1.525601e-01
272, -1.582084e-01
273, -1.413044e-01
274, -1.473279e-01
275, -1.293299e-01
276, -1.356583e-01
277, -1.167772e-01
278, -1.233402e-01
279, -1.037869e-01
280, -1.105142e-01
281, -9.049957e-02
282, -9.732083e-02
283, -7.705637e-02
284, -8.390079e-02
285, -6.360086e-02
286, -7.039589e-02
287, -5.028345e-02
288, -5.695240e-02
289, -3.726792e-02
290, -4.372762e-02
291, -2.472275e-02
292, -3.089587e-02
293, -1.274012e-02
294, -1.862132e-02
295, -6.889246e-03
296, -1.287782e-02
297, -6.156716e-03
298, -2.499202e-02
299, -1.858670e-02
300, -3.785302e-02
301, -3.115922e-02
302, -5.096243e-02
303, -4.419659e-02
304, -6.431638e-02
305, -5.747807e-02
306, -7.777703e-02
307, -7.093696e-02
308, -9.122013e-02
309, -8.444233e-02
310, -1.045064e-01
311, -9.786121e-02
312, -1.174962e-01
313, -1.110537e-01
314, -1.300487e-01
315, -1.238793e-01
316, -1.420232e-01
317, -1.361973e-01
318, -1.532791e-01
319, -1.478670e-01
320, -1.636762e-01
321, -1.587479e-01
322, -1.730745e-01
323, -1.687000e-01
324, -1.813340e-01
325, -1.775835e-01
326, -1.883122e-01
327, -1.852584e-01
328, -1.938523e-01
329, -1.915785e-01
330, -1.977638e-01
331, -1.963719e-01
332, -1.998156e-01
333, -1.994198e-01
334, -1.998156e-01
335, -2.004753e-01
336, -1.977638e-01
337, -1.994198e-01
338, -1.938523e-01
339, -1.963719e-01
340, -1.883122e-01
341, -1.915785e-01
342, -1.813340e-01
343, -1.852584e-01
344, -1.730745e-01
345, -1.775835e-01
346, -1.636762e-01
347, -1.687000e-01
348, -1.532791e-01
349, -1.587479e-01
350, -1.420232e-01
351, -1.478670e-01
352, -1.300487e-01
353, -1.361973e-01
354, -1.174962e-01
355, -1.238793e-01
356, -1.045064e-01
357, -1.110537e-01
358, -9.122013e-02
359, -9.786121e-02
360, -7.777703e-02
361, -8.444233e-02
362, -6.431638e-02
363, -7.093696e-02
364, -5.096243e-02
365, -5.747807e-02
366, -3.785302e-02
367, -4.419659e-02
368, -2.499202e-02
369, -3.115922e-02
370, -1.287782e-02
371, -1.858670e-02
372, -6.156716e-03
373, 3.828441e-03
374, -1.463719e-03
375, 4.494953e-03
376, -1.259833e-03
377, -1.147820e-03
378, -2.007490e-01
379, -2.007490e-01
380, -2.010797e-01
381, -2.009570e-01
382, -1.985052e-01
383, -1.998247e-01
384, -1.998411e-01
385, -1.985052e-01
386, -1.998247e-01
387, -1.998411e-01
388, -1.944381e-01
389, -1.965385e-01
390, -1.967004e-01
391, -1.944381e-01
392, -1.965385e-01
393, -1.967004e-01
394, -1.887971e-01
395, -1.916514e-01
396, -1.918428e-01
397, -1.887971e-01
398, -1.916514e-01
399, -1.918428e-01
400, -1.817377e-01
401, -1.852907e-01
402, -1.854802e-01
403, -1.817377e-01
404, -1.852907e-01
405, -1.854802e-01
406, -1.733971e-01
407, -1.775814e-01
408, -1.777652e-01
409, -1.733971e-01
410, -1.775814e-01
411, -1.777652e-01
412, -1.639161e-01
413, -1.686598e-01
414, -1.688407e-01
415, -1.639161e-01
416, -1.686598e-01
417, -1.688407e-01
418, -1.534352e-01
419, -1.586671e-01
420, -1.588470e-01
421, -1.534352e-01
422, -1.586671e-01
423, -1.588470e-01
424, -1.420950e-01
425, -1.477443e-01
426, -1.479240e-01
427, -1.420950e-01
428, -1.477443e-01
429, -1.479240e-01
430, -1.300361e-01
431, -1.360325e-01
432, -1.362121e-01
433, -1.300361e-01
434, -1.360325e-01
435, -1.362121e-01
436, -1.173992e-01
437, -1.236722e-01
438, -1.238519e-01
439, -1.173992e-01
440, -1.236722e-01
441, -1.238519e-01
442, -1.043247e-01
443, -1.108041e-01
444, -1.109840e-01
445, -1.043247e-01
446, -1.108041e-01
447, -1.109840e-01
448, -9.095355e-02
449, -9.756879e-02
450, -9.774915e-02
451, -9.095355e-02
452, -9.756879e-02
453, -9.774915e-02
454, -7.742608e-02
455, -8.410681e-02
456, -8.428783e-02
457, -7.742608e-02
458, -8.410681e-02
459, -8.428783e-02
460, -6.388324e-02
461, -7.055956e-02
462, -7.074031e-02
463, -6.388324e-02
464, -7.055956e-02
465, -7.074031e-02
466, -5.046484e-02
467, -5.707009e-02
468, -5.724347e-02
469, -5.046484e-02
470, -5.707009e-02
471, -5.724347e-02
472, -3.731544e-02
473, -4.378934e-02
474, -4.393201e-02
475, -3.731544e-02
476, -4.378934e-02
477, -4.393201e-02
478, -2.458506e-02
479, -3.087886e-02
480, -3.092252e-02
481, -2.458506e-02
482, -3.087886e-02
483, -3.092252e-02
484, -1.250913e-02
485, -1.852026e-02
486, -1.837525e-02
487, -1.852026e-02
488, -1.250913e-02
489, -1.837525e-02
490, -6.849999e-03
491, -6.627186e-03
492, -1.266436e-02
493, -2.465319e-02
494, -3.725770e-02
495, -5.033955e-02
496, -6.372308e-02
497, -7.724279e-02
498, -9.074957e-02
499, -1.041002e-01
500, -1.171537e-01
501, -1.297697e-01
502, -1.418075e-01
503, -1.531266e-01
504, -1.635859e-01
505, -1.730442e-01
506, -1.813601e-01
507, -1.883926e-01
508, -1.940177e-01
509, -1.981539e-01
510, -2.008531e-01
511, -2.008531e-01
512, -1.981539e-01
513, -1.940177e-01
514, -1.883926e-01
515, -1.813601e-01
516, -1.730442e-01
517, -1.635859e-01
518, -1.531266e-01
519, -1.418075e-01
520, -1.297697e-01
521, -1.171537e-01
522, -1.041002e-01
523, -9.074957e-02
524, -7.724279e-02
525, -6.372308e-02
526, -5.033955e-02
527, -3.725770e-02
528, -2.465319e-02
529, -1.266436e-02
530, -6.849999e-03
531, -6.627186e-03
532, -1.219825e-02
533, -2.464473e-02
534, -3.748847e-02
535, -5.067055e-02
536, -6.408085e-02
537, -7.760479e-02
538, -9.111066e-02
539, -1.044603e-01
540, -1.175133e-01
541, -1.301291e-01
542, -1.421669e-01
543, -1.534861e-01
544, -1.639464e-01
545, -1.734078e-01
546, -1.817307e-01
547, -1.887736e-01
548, -1.943844e-01
549, -1.983746e-01
550, -2.004864e-01
551, -2.004864e-01
552, -1.983746e-01
553, -1.943844e-01
554, -1.887736e-01
555, -1.817307e-01
556, -1.734078e-01
557, -1.639464e-01
558, -1.534861e-01
559, -1.421669e-01
560, -1.301291e-01
561, -1.175133e-01
562, -1.044603e-01
563, -9.111066e-02
564, -7.760479e-02
565, -6.408085e-02
566, -5.067055e-02
567, -3.748847e-02
568, -2.464473e-02
569, -1.219825e-02
