NodeID, Sy
1, -3.285459e+00
2, -5.267763e+01
3, -3.285459e+00
4, -5.267763e+01
5, 1.376410e+01
6, 4.897681e+01
7, 1.475774e+02
8, 1.040543e+00
9, 1.355794e+00
10, 4.156884e-01
11, 2.001044e-01
12, 3.580472e-02
13, 1.540757e-02
14, -1.202833e-02
15, 1.784151e-04
16, -2.401976e-03
17, 1.112362e-04
18, 1.924987e-04
19, -1.323592e-03
20, 3.493150e-03
21, -3.006970e-02
22, 7.746758e-02
23, -4.457045e-01
24, 1.806743e+00
25, -3.936880e+00
26, 4.354805e+01
27, -2.048569e+02
28, 4.354805e+01
29, -3.936880e+00
30, 1.806743e+00
31, -4.457045e-01
32, 7.746758e-02
33, -3.006970e-02
34, 3.493150e-03
35, -1.323592e-03
36, 1.924987e-04
37, 1.112362e-04
38, -2.401976e-03
39, 1.784151e-04
40, -1.202833e-02
41, 1.540757e-02
42, 3.580472e-02
43, 2.001044e-01
44, 4.156884e-01
45, 1.355794e+00
46, 1.040543e+00
47, -3.810653e+01
48, 1.199958e+00
49, 1.714405e+00
50, 4.137398e-02
51, 1.001924e-01
52, -8.628521e-03
53, -3.249876e-03
54, -3.359552e-03
55, -1.191417e-03
56, -1.797378e-04
57, -1.485615e-04
58, 3.086013e-04
59, -2.664161e-03
60, -6.790181e-03
61, -1.576538e-02
62, -5.648397e-02
63, -3.077679e-02
64, 2.417746e-01
65, 7.056754e-01
66, 1.141796e+00
67, 7.056754e-01
68, 2.417746e-01
69, -3.077679e-02
70, -5.648397e-02
71, -1.576538e-02
72, -6.790181e-03
73, -2.664160e-03
74, 3.086013e-04
75, -1.485615e-04
76, -1.797378e-04
77, -1.191417e-03
78, -3.359552e-03
79, -3.249876e-03
80, -8.628521e-03
81, 1.001924e-01
82, 4.137398e-02
83, 1.714405e+00
84, 1.199958e+00
85, -3.810653e+01
86, 1.475774e+02
87, 4.897681e+01
88, 1.376410e+01
89, -2.590747e+01
90, -1.734220e+01
91, -1.734220e+01
92, -1.428406e+00
93, -1.428406e+00
94, 5.781350e-01
95, 5.781350e-01
96, 7.339083e-01
97, 7.339083e-01
98, 2.978224e-01
99, 2.978224e-01
100, 9.890460e-02
101, 9.890460e-02
102, 1.977749e-02
103, 1.977749e-02
104, -2.795134e-04
105, -2.795134e-04
106, -1.979456e-03
107, -1.979456e-03
108, 2.746586e-03
109, 2.746586e-03
110, 1.662523e-02
111, 1.662523e-02
112, 4.814085e-02
113, 4.814085e-02
114, 9.266227e-02
115, 9.266227e-02
116, 6.158828e-02
117, 6.158828e-02
118, -5.405402e-01
119, -5.405402e-01
120, -2.750294e+00
121, -2.750294e+00
122, -1.044417e+01
123, -1.044417e+01
124, -2.259408e+01
125, -2.259408e+01
126, -1.838303e+01
127, -1.068175e+00
128, -8.356698e+00
129, -4.580009e+00
130, -1.194603e+00
131, -2.622990e-01
132, 6.095038e-02
133, 4.554288e-02
134, 2.607614e-02
135, 7.579750e-03
136, 1.272680e-03
137, -1.340723e-03
138, -5.516360e-04
139, 7.405000e-03
140, 5.063755e-02
141, 1.342655e-01
142, 5.063045e-01
143, 1.566778e-01
144, 3.041536e+00
145, -2.111493e+01
146, -6.868339e+01
147, -2.111493e+01
148, 3.041536e+00
149, 1.566778e-01
150, 5.063045e-01
151, 1.342655e-01
152, 5.063755e-02
153, 7.405000e-03
154, -5.516359e-04
155, -1.340723e-03
156, 1.272680e-03
157, 7.579750e-03
158, 2.607614e-02
159, 4.554288e-02
160, 6.095038e-02
161, -2.622990e-01
162, -1.194603e+00
163, -4.580009e+00
164, -8.356698e+00
165, -1.068175e+00
166, -1.838303e+01
167, -1.073978e+02
168, -9.356348e+00
169, -7.447747e+00
170, -1.037021e+00
171, -2.580184e-01
172, 6.123614e-02
173, 4.950827e-02
174, 2.508856e-02
175, 7.916706e-03
176, 1.187768e-03
177, -1.354251e-03
178, -4.038489e-04
179, 7.388900e-03
180, 4.997985e-02
181, 1.416521e-01
182, 3.665938e-01
183, 3.450385e-01
184, -1.318480e+00
185, -4.446164e+00
186, -7.161859e+00
187, -4.446164e+00
188, -1.318480e+00
189, 3.450385e-01
190, 3.665938e-01
191, 1.416521e-01
192, 4.997985e-02
193, 7.388900e-03
194, -4.038488e-04
195, -1.354251e-03
196, 1.187768e-03
197, 7.916706e-03
198, 2.508856e-02
199, 4.950827e-02
200, 6.123614e-02
201, -2.580184e-01
202, -1.037021e+00
203, -7.447747e+00
204, -9.356348e+00
205, -1.073978e+02
206, 4.450999e+00
207, -3.903680e-01
208, 7.666996e+01
209, -9.157058e+01
210, -3.903680e-01
211, 4.450999e+00
212, -9.157058e+01
213, 7.666996e+01
214, 3.196027e+01
215, 6.036426e+00
216, 6.925550e+01
217, 1.782134e+01
218, 3.913355e+00
219, 3.184052e-01
220, -2.152641e-01
221, 1.017934e+00
222, -3.081910e+00
223, 3.725142e-01
224, -1.695597e+00
225, 8.990530e-02
226, -4.997545e-01
227, 6.353546e-03
228, -5.967713e-02
229, -6.779136e-04
230, 1.284672e-02
231, -5.831368e-03
232, 1.982051e-02
233, -1.077693e-03
234, 9.159423e-03
235, -8.181765e-04
236, 2.854280e-03
237, 2.074637e-04
238, 4.921258e-04
239, -5.439318e-04
240, -5.571722e-04
241, 1.960358e-03
242, -8.205626e-05
243, -1.365908e-02
244, 2.372128e-03
245, 3.254632e-02
246, 1.957218e-02
247, -2.134804e-01
248, 5.086261e-02
249, 7.134584e-01
250, 1.884270e-01
251, -3.348760e+00
252, 2.769790e-01
253, 1.066800e+01
254, 2.793443e+00
255, -6.924607e+01
256, 8.962964e+00
257, -6.924607e+01
258, -1.380249e+02
259, 1.066800e+01
260, 8.962964e+00
261, -3.348760e+00
262, 2.793443e+00
263, 7.134584e-01
264, 2.769790e-01
265, -2.134804e-01
266, 1.884270e-01
267, 3.254632e-02
268, 5.086261e-02
269, -1.365908e-02
270, 1.957218e-02
271, 1.960358e-03
272, 2.372128e-03
273, -5.439318e-04
274, -8.205627e-05
275, 2.074637e-04
276, -5.571722e-04
277, -8.181765e-04
278, 4.921258e-04
279, -1.077693e-03
280, 2.854280e-03
281, -5.831368e-03
282, 9.159423e-03
283, -6.779136e-04
284, 1.982051e-02
285, 6.353546e-03
286, 1.284672e-02
287, 8.990530e-02
288, -5.967713e-02
289, 3.725142e-01
290, -4.997545e-01
291, 1.017934e+00
292, -1.695597e+00
293, 3.184052e-01
294, -3.081910e+00
295, -2.152641e-01
296, 3.606447e+01
297, -9.448088e+01
298, -8.171949e+00
299, 4.055831e+00
300, 2.637852e+00
301, -4.621831e+00
302, -4.815043e-01
303, 1.503025e-01
304, 1.547646e-01
305, -2.432497e-01
306, -3.990857e-02
307, 6.347213e-02
308, 4.903471e-03
309, 7.310884e-03
310, -4.030225e-03
311, 1.227029e-02
312, 4.104645e-05
313, 2.136726e-03
314, -1.983593e-04
315, 6.413753e-04
316, 2.206034e-04
317, -5.420797e-04
318, -7.715084e-04
319, -3.013039e-04
320, -2.891500e-03
321, 3.346210e-03
322, -1.047560e-02
323, 1.578494e-02
324, -3.299106e-02
325, 5.883406e-02
326, -1.927810e-02
327, 1.231087e-01
328, 7.811738e-02
329, 5.810770e-02
330, 3.228186e-01
331, -3.489057e-01
332, 1.071397e+00
333, -1.683937e+00
334, 1.071397e+00
335, -3.012971e+00
336, 3.228186e-01
337, -1.683937e+00
338, 7.811738e-02
339, -3.489057e-01
340, -1.927810e-02
341, 5.810770e-02
342, -3.299106e-02
343, 1.231087e-01
344, -1.047560e-02
345, 5.883406e-02
346, -2.891500e-03
347, 1.578494e-02
348, -7.715084e-04
349, 3.346210e-03
350, 2.206034e-04
351, -3.013039e-04
352, -1.983593e-04
353, -5.420797e-04
354, 4.104645e-05
355, 6.413753e-04
356, -4.030225e-03
357, 2.136726e-03
358, 4.903471e-03
359, 1.227029e-02
360, -3.990857e-02
361, 7.310884e-03
362, 1.547646e-01
363, 6.347213e-02
364, -4.815043e-01
365, -2.432497e-01
366, 2.637852e+00
367, 1.503025e-01
368, -8.171949e+00
369, -4.621831e+00
370, 3.606447e+01
371, 4.055831e+00
372, -9.448088e+01
373, 6.925550e+01
374, 3.913355e+00
375, 3.196027e+01
376, 1.782134e+01
377, 6.036426e+00
378, -2.234066e+01
379, -2.234066e+01
380, -4.500275e+01
381, -1.756964e+01
382, -8.702666e+00
383, -1.751891e+01
384, -1.053655e+01
385, -8.702666e+00
386, -1.751891e+01
387, -1.053655e+01
388, -3.190450e-01
389, -2.555577e+00
390, -1.441862e+00
391, -3.190450e-01
392, -2.555577e+00
393, -1.441862e+00
394, 6.053576e-01
395, 9.397463e-01
396, 6.930015e-01
397, 6.053576e-01
398, 9.397463e-01
399, 6.930015e-01
400, 4.976839e-01
401, 5.256008e-01
402, 5.185759e-01
403, 4.976839e-01
404, 5.256008e-01
405, 5.185759e-01
406, 1.943467e-01
407, 2.457722e-01
408, 2.491223e-01
409, 1.943467e-01
410, 2.457722e-01
411, 2.491223e-01
412, 5.861468e-02
413, 7.299674e-02
414, 7.273820e-02
415, 5.861468e-02
416, 7.299674e-02
417, 7.273820e-02
418, 1.011577e-02
419, 1.433698e-02
420, 1.493057e-02
421, 1.011577e-02
422, 1.433698e-02
423, 1.493057e-02
424, -8.977402e-04
425, -6.455911e-04
426, -7.135424e-04
427, -8.977402e-04
428, -6.455911e-04
429, -7.135424e-04
430, 5.082588e-04
431, -1.783582e-03
432, -1.769628e-03
433, 5.082588e-04
434, -1.783582e-03
435, -1.769628e-03
436, 9.562332e-03
437, 1.992124e-03
438, 2.047159e-03
439, 9.562332e-03
440, 1.992124e-03
441, 2.047159e-03
442, 3.150779e-02
443, 1.280273e-02
444, 1.253125e-02
445, 3.150779e-02
446, 1.280273e-02
447, 1.253125e-02
448, 6.720308e-02
449, 3.757434e-02
450, 3.871093e-02
451, 6.720308e-02
452, 3.757434e-02
453, 3.871093e-02
454, 6.984629e-02
455, 7.817393e-02
456, 7.476899e-02
457, 6.984629e-02
458, 7.817393e-02
459, 7.476899e-02
460, -2.548632e-01
461, 4.497681e-02
462, 6.586867e-02
463, -2.548632e-01
464, 4.497681e-02
465, 6.586867e-02
466, -1.617864e+00
467, -3.341175e-01
468, -3.558148e-01
469, -1.617864e+00
470, -3.341175e-01
471, -3.558148e-01
472, -6.587473e+00
473, -2.348389e+00
474, -2.163338e+00
475, -6.587473e+00
476, -2.348389e+00
477, -2.163338e+00
478, -1.545268e+01
479, -7.178820e+00
480, -7.910626e+00
481, -1.545268e+01
482, -7.178820e+00
483, -7.910626e+00
484, -2.408995e+01
485, -1.567249e+01
486, -2.433069e+01
487, -1.567249e+01
488, -2.408995e+01
489, -2.433069e+01
490, -9.842003e+00
491, -4.084387e+01
492, -4.709056e+00
493, -6.162842e+00
494, -2.884269e+00
495, -7.061300e-01
496, -1.167174e-01
497, 4.915065e-02
498, 3.366568e-02
499, 1.633910e-02
500, 4.433807e-03
501, 5.930748e-05
502, -7.763219e-04
503, 3.876898e-03
504, 2.869622e-02
505, 9.201973e-02
506, 3.009324e-01
507, 2.839784e-01
508, 1.103173e+00
509, -1.077877e+01
510, -4.259420e+01
511, -4.259420e+01
512, -1.077877e+01
513, 1.103173e+00
514, 2.839784e-01
515, 3.009324e-01
516, 9.201973e-02
517, 2.869622e-02
518, 3.876898e-03
519, -7.763219e-04
520, 5.930748e-05
521, 4.433807e-03
522, 1.633910e-02
523, 3.366568e-02
524, 4.915065e-02
525, -1.167174e-01
526, -7.061300e-01
527, -2.884269e+00
528, -6.162842e+00
529, -4.709056e+00
530, -9.842003e+00
531, -4.084387e+01
532, -4.148984e+01
533, -9.535947e+00
534, -3.673085e+00
535, -7.992545e-01
536, -7.720975e-02
537, 4.027650e-02
538, 3.763052e-02
539, 1.544127e-02
540, 4.685604e-03
541, -1.860449e-05
542, -6.722483e-04
543, 3.739287e-03
544, 2.903741e-02
545, 9.206937e-02
546, 2.476062e-01
547, 3.240925e-01
548, -5.007431e-01
549, -2.494978e+00
550, -6.136188e+00
551, -6.136188e+00
552, -2.494978e+00
553, -5.007431e-01
554, 3.240925e-01
555, 2.476062e-01
556, 9.206937e-02
557, 2.903741e-02
558, 3.739287e-03
559, -6.722483e-04
560, -1.860452e-05
561, 4.685604e-03
562, 1.544127e-02
563, 3.763052e-02
564, 4.027650e-02
565, -7.720975e-02
566, -7.992545e-01
567, -3.673085e+00
568, -9.535947e+00
569, -4.148984e+01
